Oligo	TargetCounts	BackgroundCounts	NormalizationFactor
A	31.52%	31.61%	0.997
C	18.48%	18.39%	1.005
G	18.48%	18.39%	1.005
T	31.52%	31.61%	0.997
AA	12.43%	13.07%	0.950
CA	6.32%	6.27%	1.008
GA	6.75%	6.31%	1.070
TA	6.05%	5.96%	1.015
AC	5.02%	4.93%	1.017
CC	3.28%	3.52%	0.930
GC	3.42%	3.62%	0.946
TC	6.75%	6.31%	1.070
AG	5.73%	5.11%	1.121
CG	3.13%	3.49%	0.896
GG	3.28%	3.52%	0.930
TG	6.32%	6.27%	1.008
AT	8.35%	8.49%	0.984
CT	5.73%	5.11%	1.121
GT	5.02%	4.93%	1.017
TT	12.43%	13.07%	0.950
AAA	5.36%	6.01%	0.892
CAA	2.16%	2.40%	0.898
GAA	3.04%	2.65%	1.146
TAA	1.87%	2.00%	0.936
ACA	1.75%	1.70%	1.027
CCA	1.18%	1.27%	0.930
GCA	1.24%	1.21%	1.030
TCA	2.15%	2.08%	1.031
AGA	2.37%	1.81%	1.305
CGA	0.99%	1.21%	0.819
GGA	1.23%	1.20%	1.019
TGA	2.15%	2.08%	1.031
ATA	1.91%	1.81%	1.052
CTA	1.12%	1.08%	1.043
GTA	1.14%	1.07%	1.067
TTA	1.87%	2.00%	0.936
AAC	1.98%	1.82%	1.088
CAC	1.08%	1.12%	0.965
GAC	0.82%	0.93%	0.885
TAC	1.14%	1.07%	1.067
ACC	0.89%	0.91%	0.979
CCC	0.53%	0.63%	0.838
GCC	0.63%	0.77%	0.815
TCC	1.23%	1.20%	1.019
AGC	0.94%	1.01%	0.930
CGC	0.62%	0.63%	0.987
GGC	0.63%	0.77%	0.815
TGC	1.24%	1.21%	1.030
ATC	1.47%	1.55%	0.948
CTC	1.42%	1.19%	1.202
GTC	0.82%	0.93%	0.885
TTC	3.04%	2.65%	1.146
AAG	1.95%	1.70%	1.152
CAG	1.23%	1.16%	1.068
GAG	1.42%	1.19%	1.202
TAG	1.12%	1.08%	1.043
ACG	0.87%	0.86%	1.013
CCG	0.64%	0.79%	0.813
GCG	0.62%	0.63%	0.987
TCG	0.99%	1.21%	0.819
AGG	0.93%	0.83%	1.113
CGG	0.64%	0.79%	0.813
GGG	0.53%	0.63%	0.838
TGG	1.18%	1.27%	0.930
ATG	1.85%	1.59%	1.159
CTG	1.23%	1.16%	1.068
GTG	1.08%	1.12%	0.965
TTG	2.16%	2.40%	0.898
AAT	3.13%	3.53%	0.887
CAT	1.85%	1.59%	1.159
GAT	1.47%	1.55%	0.948
TAT	1.91%	1.81%	1.052
ACT	1.49%	1.46%	1.022
CCT	0.93%	0.83%	1.113
GCT	0.94%	1.01%	0.930
TCT	2.37%	1.81%	1.305
AGT	1.49%	1.46%	1.022
CGT	0.87%	0.86%	1.013
GGT	0.89%	0.91%	0.979
TGT	1.75%	1.70%	1.027
ATT	3.13%	3.53%	0.887
CTT	1.95%	1.70%	1.152
GTT	1.98%	1.82%	1.088
TTT	5.36%	6.01%	0.892
