>TATATAAGGC	1-TATATAAGGC	9.865346	-28.374557	0	T:7.0(36.84%),B:0.0(0.00%),P:1e-12	Tpos:345.9,Tstd:151.8,Bpos:0.0,Bstd:0.0,StrandBias:1.8,Multiplicity:1.29
0.001	0.001	0.296	0.702
0.702	0.001	0.001	0.296
0.296	0.001	0.001	0.702
0.997	0.001	0.001	0.001
0.001	0.001	0.296	0.702
0.997	0.001	0.001	0.001
0.989	0.001	0.009	0.001
0.001	0.005	0.989	0.005
0.080	0.001	0.623	0.296
0.001	0.702	0.001	0.296
>TGTAAGKAGY	2-TGTAAGKAGY	10.134923	-28.374557	0	T:7.0(36.84%),B:0.0(0.00%),P:1e-12	Tpos:202.8,Tstd:160.0,Bpos:0.0,Bstd:0.0,StrandBias:2.8,Multiplicity:1.14
0.001	0.228	0.001	0.770
0.001	0.001	0.997	0.001
0.001	0.001	0.001	0.997
0.997	0.001	0.001	0.001
0.770	0.001	0.001	0.228
0.001	0.001	0.997	0.001
0.001	0.001	0.541	0.457
0.770	0.001	0.001	0.228
0.001	0.001	0.728	0.270
0.001	0.457	0.001	0.541
>AGAAGACCGG	3-AGAAGACCGG	7.474751	-23.965496	0	T:10.0(52.63%),B:8.0(2.97%),P:1e-10	Tpos:264.3,Tstd:129.9,Bpos:206.5,Bstd:139.7,StrandBias:-1.3,Multiplicity:1.56
0.757	0.081	0.161	0.001
0.001	0.001	0.997	0.001
0.837	0.001	0.001	0.161
0.837	0.001	0.161	0.001
0.001	0.080	0.918	0.001
0.837	0.001	0.081	0.081
0.081	0.434	0.243	0.243
0.010	0.747	0.081	0.162
0.081	0.010	0.747	0.162
0.080	0.001	0.918	0.001
>TAGARACGGG	4-TAGARACGGG	10.802344	-23.401272	0	T:6.0(31.58%),B:1.0(0.37%),P:1e-10	Tpos:144.2,Tstd:116.2,Bpos:15.0,Bstd:0.0,StrandBias:0.0,Multiplicity:1.00
0.001	0.001	0.001	0.997
0.997	0.001	0.001	0.001
0.228	0.001	0.770	0.001
0.997	0.001	0.001	0.001
0.457	0.001	0.541	0.001
0.997	0.001	0.001	0.001
0.228	0.770	0.001	0.001
0.001	0.001	0.997	0.001
0.001	0.001	0.770	0.228
0.001	0.001	0.770	0.228
>GGAGGTCACG	5-GGAGGTCACG	7.625065	-19.283961	0	T:6.0(31.58%),B:2.0(0.74%),P:1e-8	Tpos:350.7,Tstd:81.7,Bpos:259.0,Bstd:196.0,StrandBias:0.0,Multiplicity:1.00
0.001	0.001	0.997	0.001
0.001	0.114	0.884	0.001
0.728	0.001	0.270	0.001
0.001	0.270	0.728	0.001
0.001	0.001	0.997	0.001
0.270	0.001	0.001	0.728
0.001	0.884	0.001	0.114
0.997	0.001	0.001	0.001
0.001	0.997	0.001	0.001
0.001	0.001	0.997	0.001
>CCAGATAAGA	6-CCAGATAAGA	7.955728	-18.655798	0	T:5.0(26.32%),B:0.0(0.00%),P:1e-8	Tpos:205.2,Tstd:155.1,Bpos:0.0,Bstd:0.0,StrandBias:-0.6,Multiplicity:1.00
0.128	0.524	0.194	0.154
0.184	0.475	0.192	0.149
0.744	0.085	0.043	0.128
0.075	0.109	0.752	0.064
0.829	0.064	0.043	0.064
0.131	0.085	0.086	0.698
0.701	0.085	0.043	0.171
0.851	0.043	0.021	0.085
0.160	0.128	0.584	0.128
0.851	0.001	0.106	0.042
>CCCTTTTCAC	7-CCCTTTTCAC	10.097969	-18.655798	0	T:5.0(26.32%),B:1.0(0.37%),P:1e-8	Tpos:165.2,Tstd:143.2,Bpos:168.0,Bstd:0.0,StrandBias:2.0,Multiplicity:1.00
0.162	0.680	0.157	0.001
0.157	0.685	0.157	0.001
0.001	0.997	0.001	0.001
0.001	0.001	0.156	0.842
0.156	0.001	0.001	0.842
0.156	0.001	0.001	0.842
0.314	0.162	0.001	0.523
0.001	0.842	0.001	0.156
0.799	0.199	0.001	0.001
0.001	0.997	0.001	0.001
>CGCGCGCGCG	8-CGCGCGCGCG	8.807086	-18.655798	0	T:5.0(26.32%),B:1.0(0.37%),P:1e-8	Tpos:345.9,Tstd:71.9,Bpos:251.0,Bstd:0.0,StrandBias:0.0,Multiplicity:1.00
0.194	0.804	0.001	0.001
0.001	0.176	0.822	0.001
0.007	0.991	0.001	0.001
0.001	0.001	0.997	0.001
0.177	0.645	0.177	0.001
0.001	0.001	0.997	0.001
0.001	0.822	0.001	0.176
0.401	0.001	0.597	0.001
0.001	0.815	0.177	0.007
0.419	0.007	0.573	0.001
>GGGGGAAGGG	9-GGGGGAAGGG	8.085522	-17.712000	0	T:9.0(47.37%),B:11.0(4.09%),P:1e-7	Tpos:211.5,Tstd:159.6,Bpos:235.7,Bstd:122.8,StrandBias:-1.4,Multiplicity:1.22
0.001	0.001	0.997	0.001
0.001	0.001	0.863	0.135
0.271	0.001	0.457	0.271
0.139	0.001	0.859	0.001
0.135	0.135	0.729	0.001
0.832	0.135	0.032	0.001
0.954	0.001	0.044	0.001
0.135	0.001	0.863	0.001
0.136	0.136	0.592	0.136
0.014	0.001	0.850	0.135
>CCAAGCTTCC	10-CCAAGCTTCC	8.383199	-15.233559	0	T:5.0(26.32%),B:2.0(0.74%),P:1e-6	Tpos:224.4,Tstd:78.1,Bpos:445.5,Bstd:0.5,StrandBias:0.6,Multiplicity:1.00
0.001	0.997	0.001	0.001
0.001	0.997	0.001	0.001
0.997	0.001	0.001	0.001
0.931	0.001	0.001	0.067
0.001	0.067	0.931	0.001
0.067	0.931	0.001	0.001
0.001	0.270	0.001	0.728
0.001	0.001	0.001	0.997
0.001	0.997	0.001	0.001
0.001	0.728	0.001	0.270
>TTCTCTGCGT	11-TTCTCTGCGT	11.037523	-15.233559	0	T:5.0(26.32%),B:2.0(0.74%),P:1e-6	Tpos:367.2,Tstd:72.7,Bpos:406.0,Bstd:67.0,StrandBias:1.0,Multiplicity:1.20
0.001	0.001	0.001	0.997
0.001	0.001	0.001	0.997
0.001	0.824	0.001	0.174
0.001	0.001	0.001	0.997
0.001	0.997	0.001	0.001
0.001	0.001	0.001	0.997
0.001	0.001	0.997	0.001
0.001	0.997	0.001	0.001
0.001	0.349	0.649	0.001
0.001	0.001	0.001	0.997
>GACCTTTCTG	12-GACCTTTCTG	8.350283	-14.160924	0	T:4.0(21.05%),B:1.0(0.37%),P:1e-6	Tpos:324.2,Tstd:135.4,Bpos:121.0,Bstd:0.0,StrandBias:10.0,Multiplicity:1.00
0.100	0.100	0.700	0.100
0.700	0.100	0.100	0.100
0.100	0.700	0.100	0.100
0.100	0.700	0.100	0.100
0.100	0.100	0.100	0.700
0.100	0.100	0.100	0.700
0.100	0.100	0.100	0.700
0.100	0.700	0.100	0.100
0.100	0.100	0.100	0.700
0.100	0.100	0.700	0.100
>CATGATCACC	13-CATGATCACC	11.755457	-14.160924	0	T:4.0(21.05%),B:0.0(0.00%),P:1e-6	Tpos:226.0,Tstd:119.1,Bpos:0.0,Bstd:0.0,StrandBias:2.0,Multiplicity:1.25
0.001	0.997	0.001	0.001
0.997	0.001	0.001	0.001
0.001	0.001	0.249	0.749
0.001	0.001	0.997	0.001
0.997	0.001	0.001	0.001
0.001	0.001	0.001	0.997
0.001	0.500	0.250	0.250
0.997	0.001	0.001	0.001
0.001	0.997	0.001	0.001
0.001	0.997	0.001	0.001
>TTGAACTTCG	14-TTGAACTTCG	8.843346	-14.160924	0	T:4.0(21.05%),B:1.0(0.37%),P:1e-6	Tpos:251.8,Tstd:141.9,Bpos:391.0,Bstd:0.0,StrandBias:-1.6,Multiplicity:1.00
0.001	0.001	0.001	0.997
0.001	0.001	0.001	0.997
0.001	0.001	0.997	0.001
0.997	0.001	0.001	0.001
0.997	0.001	0.001	0.001
0.036	0.927	0.036	0.001
0.001	0.036	0.234	0.729
0.197	0.001	0.001	0.801
0.001	0.997	0.001	0.001
0.001	0.001	0.997	0.001
>GGTTCGATCC	15-GGTTCGATCC	6.940560	-14.160924	0	T:4.0(21.05%),B:1.0(0.37%),P:1e-6	Tpos:233.0,Tstd:90.2,Bpos:454.0,Bstd:0.0,StrandBias:0.6,Multiplicity:1.25
0.120	0.140	0.567	0.173
0.174	0.146	0.467	0.213
0.053	0.106	0.060	0.781
0.113	0.126	0.067	0.694
0.113	0.540	0.100	0.247
0.173	0.106	0.574	0.147
0.606	0.140	0.100	0.154
0.060	0.087	0.113	0.740
0.107	0.520	0.147	0.226
0.187	0.513	0.133	0.167
>CGRTTCAWTC	16-CGRTTCAWTC	10.034779	-13.249814	0	T:5.0(26.32%),B:3.0(1.12%),P:1e-5	Tpos:251.7,Tstd:135.6,Bpos:294.0,Bstd:27.8,StrandBias:-2.3,Multiplicity:1.50
0.001	0.997	0.001	0.001
0.001	0.001	0.685	0.313
0.541	0.001	0.457	0.001
0.001	0.001	0.001	0.997
0.001	0.001	0.001	0.997
0.001	0.997	0.001	0.001
0.685	0.001	0.001	0.313
0.541	0.001	0.001	0.457
0.001	0.001	0.001	0.997
0.228	0.770	0.001	0.001
>GCTACCGGAA	17-GCTACCGGAA	8.350283	-11.433026	0	T:4.0(21.05%),B:2.0(0.74%),P:1e-4	Tpos:308.2,Tstd:53.3,Bpos:38.5,Bstd:8.5,StrandBias:1.6,Multiplicity:1.00
0.100	0.100	0.700	0.100
0.100	0.700	0.100	0.100
0.100	0.100	0.100	0.700
0.700	0.100	0.100	0.100
0.100	0.700	0.100	0.100
0.100	0.700	0.100	0.100
0.100	0.100	0.700	0.100
0.100	0.100	0.700	0.100
0.700	0.100	0.100	0.100
0.700	0.100	0.100	0.100
>TTGACCCACG	18-TTGACCCACG	12.329821	-9.952479	0	T:3.0(15.79%),B:0.0(0.00%),P:1e-4	Tpos:395.4,Tstd:47.6,Bpos:0.0,Bstd:0.0,StrandBias:0.6,Multiplicity:1.67
0.001	0.001	0.001	0.997
0.001	0.001	0.001	0.997
0.001	0.001	0.997	0.001
0.997	0.001	0.001	0.001
0.001	0.997	0.001	0.001
0.001	0.997	0.001	0.001
0.332	0.666	0.001	0.001
0.997	0.001	0.001	0.001
0.001	0.997	0.001	0.001
0.001	0.332	0.666	0.001
>CGAGTGAGAC	19-CGAGTGAGAC	9.063537	-9.952479	0	T:3.0(15.79%),B:0.0(0.00%),P:1e-4	Tpos:284.5,Tstd:130.8,Bpos:0.0,Bstd:0.0,StrandBias:3.3,Multiplicity:3.67
0.001	0.997	0.001	0.001
0.164	0.001	0.627	0.208
0.834	0.164	0.001	0.001
0.001	0.001	0.997	0.001
0.001	0.389	0.001	0.609
0.001	0.164	0.671	0.164
0.997	0.001	0.001	0.001
0.001	0.001	0.997	0.001
0.997	0.001	0.001	0.001
0.001	0.958	0.001	0.040
>TCTCTGCTMT	20-TCTCTGCTMT	12.563828	-9.952479	0	T:3.0(15.79%),B:0.0(0.00%),P:1e-4	Tpos:312.3,Tstd:149.7,Bpos:0.0,Bstd:0.0,StrandBias:-3.2,Multiplicity:3.33
0.001	0.050	0.001	0.948
0.001	0.997	0.001	0.001
0.001	0.001	0.001	0.997
0.001	0.997	0.001	0.001
0.001	0.001	0.001	0.997
0.001	0.001	0.643	0.355
0.001	0.997	0.001	0.001
0.001	0.001	0.001	0.997
0.541	0.457	0.001	0.001
0.001	0.001	0.001	0.997
>GTGCGAGCAC	21-GTGCGAGCAC	10.551399	-9.952479	0	T:3.0(15.79%),B:1.0(0.37%),P:1e-4	Tpos:326.7,Tstd:24.4,Bpos:217.5,Bstd:0.5,StrandBias:0.4,Multiplicity:1.33
0.001	0.001	0.997	0.001
0.035	0.070	0.001	0.894
0.001	0.001	0.997	0.001
0.034	0.964	0.001	0.001
0.001	0.001	0.997	0.001
0.728	0.270	0.001	0.001
0.165	0.001	0.833	0.001
0.001	0.964	0.034	0.001
0.997	0.001	0.001	0.001
0.001	0.997	0.001	0.001
>GGGGGGGRGG	22-GGGGGGGRGG	8.415258	-8.564801	0	T:5.0(26.32%),B:8.0(2.97%),P:1e-3	Tpos:389.1,Tstd:104.8,Bpos:356.4,Bstd:124.0,StrandBias:2.6,Multiplicity:1.20
0.135	0.001	0.863	0.001
0.001	0.001	0.997	0.001
0.001	0.001	0.987	0.011
0.001	0.001	0.997	0.001
0.135	0.001	0.863	0.001
0.001	0.135	0.729	0.135
0.001	0.135	0.863	0.001
0.431	0.271	0.297	0.001
0.135	0.001	0.863	0.001
0.271	0.136	0.457	0.136
>GCTGAGTTGT	23-GCTGAGTTGT	10.296193	-6.089838	0	T:2.0(10.53%),B:0.0(0.00%),P:1e-2	Tpos:254.3,Tstd:152.3,Bpos:0.0,Bstd:0.0,StrandBias:10.0,Multiplicity:6.00
0.100	0.100	0.700	0.100
0.100	0.700	0.100	0.100
0.100	0.100	0.100	0.700
0.100	0.100	0.700	0.100
0.700	0.100	0.100	0.100
0.100	0.100	0.700	0.100
0.100	0.100	0.100	0.700
0.100	0.100	0.100	0.700
0.100	0.100	0.700	0.100
0.100	0.100	0.100	0.700
>GAGATGAGTT	24-GAGATGAGTT	10.296193	-6.089838	0	T:2.0(10.53%),B:0.0(0.00%),P:1e-2	Tpos:296.6,Tstd:144.6,Bpos:0.0,Bstd:0.0,StrandBias:10.0,Multiplicity:3.50
0.100	0.100	0.700	0.100
0.700	0.100	0.100	0.100
0.100	0.100	0.700	0.100
0.700	0.100	0.100	0.100
0.100	0.100	0.100	0.700
0.100	0.100	0.700	0.100
0.700	0.100	0.100	0.100
0.100	0.100	0.700	0.100
0.100	0.100	0.100	0.700
0.100	0.100	0.100	0.700
>CTCAGAAGAG	25-CTCAGAAGAG	10.296193	-6.089838	0	T:2.0(10.53%),B:0.0(0.00%),P:1e-2	Tpos:315.8,Tstd:135.1,Bpos:0.0,Bstd:0.0,StrandBias:10.0,Multiplicity:4.50
0.100	0.700	0.100	0.100
0.100	0.100	0.100	0.700
0.100	0.700	0.100	0.100
0.700	0.100	0.100	0.100
0.100	0.100	0.700	0.100
0.700	0.100	0.100	0.100
0.700	0.100	0.100	0.100
0.100	0.100	0.700	0.100
0.700	0.100	0.100	0.100
0.100	0.100	0.700	0.100
